
0Tue Nov 15 20:05:54 EST 2022
5
5
5
5
5
5

1Tue Nov 15 20:06:09 EST 2022
7
7
7
7
7
7
7
7
7

0Tue Nov 15 20:07:08 EST 2022
9
9
9
9
9
9

1Tue Nov 15 20:07:26 EST 2022
6
6
6
6
66
6
66
6
6

0Tue Nov 15 20:24:45 EST 2022
7
7
7
7
7
7

1Tue Nov 15 20:24:56 EST 2022
2
2
2
2
2
2
22
2
2

1Tue Nov 15 20:57:02 EST 2022
9
9
9
9
9
9
9
9
9

1Tue Nov 15 20:59:14 EST 2022
1
1
1
1
1
1
1
1
1

1Tue Nov 15 21:01:43 EST 2022
1
1
1
1
1
1
1
1
1

1Tue Nov 15 21:11:33 EST 2022
9
9
9
99
9999
9
9
9
9

1Tue Nov 15 21:12:25 EST 2022
2
2
2
2
2
2
2
2
2

1Tue Nov 15 21:12:43 EST 2022
7
7
7
7
7
7
7
7
7

0Tue Nov 15 21:29:01 EST 2022
7
7
7
7
7
7

0Tue Nov 15 21:31:04 EST 2022
9
9
9
9
9
9
